4.044899990394711153e+00
3.304084100026637216e+00
3.151097638031467696e+00
2.903558836646378261e+00
2.866233764544129592e+00
2.766362952905707218e+00
2.678639299264177875e+00
2.724911245962605033e+00
2.703400790480896987e+00
2.675242304120212911e+00
2.468640003416687101e+00
2.456299111397937107e+00
2.479896882308647132e+00
2.568162053338717499e+00
2.495948010886087864e+00
2.286293501978740039e+00
2.076977214147336603e+00
1.941007726363372043e+00
2.117917371733114340e+00
1.884211433017626502e+00
1.727494808846618879e+00
1.595350525471381786e+00
1.839533670919015984e+00
1.896861934728454768e+00
1.856966492093633958e+00
1.759474839404225444e+00
1.560073793514631602e+00
1.620856932536698825e+00
1.648024777079699632e+00
1.761970834649168038e+00
1.585795967467944045e+00
1.524168278249213415e+00
1.524258797568501800e+00
1.570260275587905152e+00
1.507855614300467995e+00
1.415140716684923916e+00
1.468124105895869391e+00
1.343862497883848928e+00
1.437260447821347098e+00
1.491006729057524405e+00
1.395874867198872327e+00
1.274708309052046351e+00
1.365875416278606203e+00
1.383895592891611237e+00
1.362805867597577159e+00
1.257043754168960747e+00
1.256759478322812429e+00
1.224125817290973028e+00
1.272336466899607332e+00
1.272247363527305497e+00
